R1 = 0.617647
R2 = 0.671642
R3 = 0.173913
R4 = 3.840000
R5 = 0.171053
R6 = 0.418605
R7 = 0.692308
R8 = 4.043478
R9 = 0.871795
R10 = 1.200000
